1;10;1852662;2020-01-15;150;
2;22;1813426;2021-10-26;550;
3;11;2492091;2020-06-08;200;
4;5;2394673;2019-07-02;700;
5;18;2294895;2019-10-23;100;
6;21;2040381;2021-10-30;125;
7;1;2251137;2021-10-22;625;
8;29;1909462;2021-10-24;100;
9;27;2099782;2021-10-25;475;
10;6;2007578;2020-02-20;300;
11;20;1779726;2021-03-12;350;
12;12;1539673;2021-10-29;150;
13;17;2420354;2019-04-26;175;
14;30;1974319;2021-10-25;250;
15;2;1815210;2020-08-03;250;
16;25;1719783;2021-10-30;150;
17;4;1910747;2019-11-20;500;
18;23;1821110;2021-10-30;275;
19;14;1634596;2021-01-19;550;
20;3;2048522;2021-01-29;425;
21;7;2433319;2021-02-13;150;
22;8;1890719;2020-03-01;200;
23;15;2250652;2021-10-28;200;
24;24;1948473;2021-10-29;325;
25;28;2197733;2021-10-20;725;
26;16;2294429;2019-10-19;200;
27;9;2112709;2019-10-11;300;
28;13;1583125;2021-10-25;200;
29;16;1574299;2021-10-26;625;
30;26;2279997;2021-10-23;200;